01110000101
01110000101
01110000101
01110000101
01110000101
01110000101
01110000101
01110000101
01110000101
01110000101
01110000101
01110000101
01110000101
01110000101
01110000101
01110000101
01110000101
01110000101
01110000101
01110000101
01110000101
01110000101
01110000101
01110000101
01110000101
01110000101
01110000101
01110000101
01110000101
01110000101
01110000101
01110000101
01110000101
01110000101
01101100101101
01101100101101
001001111001000
000001010110
0001100101000
1010010011
11000110100
11000110100
11000110100
11000110100
110100100110
110100100110
110100100110
11000110100
1010010011
1010010011
1010010011
1010010011
1010010011
1010010011
11000110100
11000110100
11000110100
11000110100
1010010011
1010010011
1010010011
1010010011
1010010011
1010010011
1010010011
1010010011
1010010011
1010010011
1010010011
1010010011
11000110100
11000110100
11000110100
11000110100
1010010011
1010010011
1010010011
1010010011
1010010011
1010010011
1010010011
1010010011
1010010011
1010010011
1010010011
1010010011
11000110100
11000110100
11000110100
11000110100
1010010011
1010010011
1010010011
1010010011
1010010011
1010010011
1010010011
1010010011
1010010011
1010010011
1010010011
1010010011
11000110100
11000110100
101110000001111
101110000001111
000001010110
000001010110
000001010110
000001010110
000001010110
000001010110
00011000111100
00011000111100
00011000111100
00011000111100
00011000111100
00011000111100
00011000111100
00011000111100
01101100101101
100000001010011
100000001010011
0010101000111000
0010101000111000
100000001010011
100000001010011
01101100101101
01110000101
01110000101
01110000101
00011000111100
0001100101000
1010010011
1010010011
1010010011
11000110100
11000110100
11000110100
11000110100
110100100110
110100100110
110100100110
11000110100
1010010011
1010010011
10111111101000
1000111001110
001001010101
111011100101010
000101000100100
000101000100100
10010111011
10010111011
110011100
110011100
110011100
110011100
110011100
110011100
1011101001101
1011101001101
1011101001101
1011101001101
1011101001101
1011101001101
110011100
110011100
0101001000001
0101001000001
10010111011
00101100101000
111011100101010
000101000100100
1001111010001100
1001111010001100
01000011000110000
1111001001001100000
011110010011110010
110101101010001010
110101111011010000
011110111000110010
011111110110011100
001111011000011101
0011011111111100000
001110001100100101
11010011101100010
11110001110010001
01111001101010100
01111001101010100
0011101010111100001
111100111001011011
11010100010000000
101011001000000001010
0100001101100100000
00010101010111010
10110010101010110
11111110110111011
01111111001100111
0101000101100000
11000011010000000
11100101001101100
11110001101001110
1010101000011101
1111010000111110
11100011010100111
11010100101101010
000101100100010
01100010101010000
101100110011010110
00010000000010011
0110111010001010
0110110111011100
10000000100110100
10010110000100101
0010011100010001
001001111101000
010110000111011
10010110110011100
111110000011111
001100011010100
1101111000101000
1101111000101000
0111111110101101
00111001011100010
1100001101110001
1010000001100011
0010011001000101
1110100101111100
101110000000011
01110111100011
01001101011011
111111001000000
00010011101001011
10101110100010101111
1010100101010111001
0100011111011
11011110000011
01011000010011
1001011010000100
00010101000111011
000100111011001
11011010001011
01100011011101
10110111010100
10000010111110
111000000111111
110010000110100
100010111001111
111000000000111
11001110110100
1000100100000
10110101100011
1001101110100
10000010110001
010100100110110
1110001100011001
0101111100011011
100010101000010
0101111100011011
1110111111011101
1000000001111100
1111111011001110
110000111100011
11011111011010
11010100101011
00000011101110
101100101001100
11000001101011
00001100110100
101110001011
011001000000
1000101010110011
000101000111001
100011101111111
000100011011100
11110001110100001
1110010111010110
010100011110011
1010000110100
1010000110100
00110111010111
000100011011100
1001111100000000
1001111100000000
1000101010110011
000100011011100
01011101111111111
10010101000001100
101100000000010001
010000001000011000
0100001100100110101
101011001111111010111
1111001101011010100
1110010111010110
100011101111111
1101111010111111
1111010000001100
100010010001101
11110100100101101
0110001101110000
1111001010000100
1100101011110100
001010011001010
00010101011111110
10101001110110100111
10101101001010011011
0011011100101011100
1010111100000010100
10101111001101101011
101010000010100011110
11111111001101000
1001111111100011
1001111111100011
011101001010101
001100010000111
1100001010110010
010100100101111
010010101011100
000000000100000
111111101001000
110111001100
101111101111
101001100010
101001100010
1110111101011
1010010111001
1010010111001
1000111001001
1000111001001
001010111000
011100010110
011100010110
000001111110
000001111110
000001111110
011100010110
011100010110
011100010110
011100010110
1111101111100
10000111011
1110000111101
0011010000110
1110100100110
100000100011
1111101111100
000001111110
1111101111100
1110110001100
100100010001
11010010101
10000111011
10000111011
10000111011
10000111011
10000111011
10000111011
100101111101
100101111101
100101111101
100101111101
10000111011
10000111011
10000111011
10000111011
10000111011
10000111011
10000111011
10000111011
10000111011
1110110001100
1110110001100
1111101111100
100000100011
100000100011
1100000011000
1100000011000
011100010110
001010111000
1110111101011
101111101111
111011100000
111010010000
111110010111
00011100100
111011111011
00011100100
111010010000
111011100000
1000111001001
1110000111101
1110100100110
1100000011000
011100010110
1110110001100
1110110001100
100000100001
110111001100
110111001100
110111001100
111011100000
111110010111
111110010111
111110010111
111011100000
1010010100110
1000111000010
1110110101100
1110110101100
111011100000
110111001100
111011100000
111110010111
00011100100
111011111011
1111101011100100
100100100000
110010011001
110010011001
010110000101
010110000101
0101110011001
1001100000100
11000001010010
1100001110100
010010011001
1110100101011
11010000010100
11010000010100
10110110000
1101110000010
110011111010
110011111010
110011111010
010010011001
1011010010010
0100111010010
0110010000010
11011001011011
0000111010
0001110011
01110100101001
01110100101001
11101001100110
11101001100110
111100101001001
01110100101001
0000111010
0000111010
0000111010
0000111010
0000111010
0000111010
11100110110010
11100110110010
01010100111100
110010110100101
111011100000
101111101111
1000111001001
0010101111010
1101111000100101
010101100111010
101111101111
101001100010
101111101111
111011100000
111010010000
111011100000
1000111001001
100101111101
1000111000010
1010010100110
110111001100
110111001100
101111101111
100000100001
011100010110
1111101111100
011100010110
101001100010
111011100000
111011100000
101111101111
1110111101011
1000111000010
1010010100110
1010010111001
1000111000010
110111001100
111010010000
00011100100
00011100100
111010010000
111110010111
0000110111001
01010000110101
01010111000010
0010001101100
1010000010110
0010001101100
0010001101100
1110011000101
1010000010110
0010001101100
0010001101100
10111110001100
10111110001100
0010001101100
0010001101100
1010000010110
01010000110101
01010111000010
01110010011010
1010000010110
1100011110101
010011100001
101001100000
101001100000
100010001011
1100101100110
1100101100110
010011100001
1010000010110
10111110001100
1110100011000
011101111111
0111111100011
100010001011
1101100101100
0010001101100
1010000010110
1110100011000
1100011110101
1110100011000
010011100001
100010001011
1111110100111
011101111111
1100101100110
1000110010111
1111101000111
1000110010111
1100110110111
1100110110111
1100110110111
1100110110111
0010111001100
0010111001100
0010111001100
0010111001100
10111111100101
10111111100101
10000011110000
01110100111000
10110001001010
10011010101100
10011010101100
01001000100011
10110101010111
01101111110101
111011101000000
01101111110101
10011011110101
11000110111001
10010001001101
11000110111001
1011011000101
0000110001000
101111111010110
100000001010000
00011110000101
010110010110
100111010000
1111101000111
100111010000
100000110111
1101111111100
010110010110
100000110111
100000110111
010110010110
1000111001011
100000001010000
00011110000101
100000110111
1111101000111
1111101000111
100000110111
1000111001011
101111111010110
10011101001111
10011101001111
10001110100111
11001000100100
1000010100011
1000010100011
10100101101111
01100100010111
10011001111101
10011001111101
00100011101101
10001101000011
1000011001000
1000111001000
10000001101
1000111001000
0010010000111
0100110111001
11100101101011
0100110111001
11111001111110
11101001011011
11111001111110
11111101010101
10110100010011
0010010000111
10010001001011
11111101010101
0000010010011
0000010010011
0100110111001
11111101010101
1000011001000
10010000100
01100110011
01100110011
01100110011
10010000100
0100101101011
0100101101011
11000111110011
11000000000001
01001010010001
11000111011001
111100101101000
111100101101000
011100111101111
110110110011010
111011011001011
01111000000000
011011111101111
000101100111001
011111111000101
101000110111011
000001101100100
000111110101000
1110010110100101
001001110100010
01100011000000
011111111011001
011011000101010
011011000101010
011011000101010
00101011110010
10100101101011
10100101101011
10100101101011
10100101101011
11101000100011
11101000100011
11101000100011
01100001101001
10000010111101
01000111001111
01110100001010
11011001011111
10110111011011
111011111000011
01110100001010
111011111000011
110010001110111
00000101010001
10110111011011
00010011011010
000111101000010
1010101101001100
10010011101111100
10100111011011010
1011110000100001
1011110000100001
00100010111011
00100010111011
00100010111011
00100010111011
1001001111100110
1001001111100110
00100010111011
00100010111011
00100010111011
100011110101100
100011110101100
100011110101100
1110001101011000
1110001101011000
0110110110101001
1110001101011000
1110001101011000
1110001101011000
1110001101011000
100011110101100
1000000001110000
110111001111110
01110100001010
01110100001010
0001100110001
11011001011111
00010011011010
1101011111001001
0001000000011000
00111100110000011
0111110110101111
1101011111001001
100100111100101
10110111011011
10011000000010
10011000000010
11011001011111
1010101011100100
01011101010011001
101011111000111001
11010101110000000
10101100111011010
0011111101010001
10010101000000100
11100101000100000
10010011110100011
10010011110100011
01111011111011111
1001010100000111
1101110100001011
011010001011110
1111000001000011
11000011011001110
110101001111110101
110101001111110101
11011000001100000
11111101111110101
0111110001011111
1010000000101100
11010111101001100
0011100110011110
00010001001101011
10110011000000001111
1110101100001010
011011000111001
000010010010010
1111101000111
100000110111
01001101110100
11011001001110
1111101000010100
011101010010000
000000000011100
011101010010000
000111011101110
111100000111001
111100000111001
111100000111001
000111011101110
000111011101110
111100000111001
10110011000110111
01000010111001000
01000010111001000
10101101011001110101
1111010111101010111
111111001101000
00001111101101001
10101011001111110001
01000100000000110
0110001001101011
001001100000101
000100101111010
1011101011000011
00101100100101
111110101100100
00000110100001
00000110100001
0100101010101
0100101010101
0011010110010
11111111001010
1100100101101
1110100001011
1100100101101
11101101000100
1110001101110011
0100001010101011
110110110001011
0111001100110
1110100001011
1100100101101
0010111010110
11101101000100
11101101000100
11101101000100
110110110001011
1110001101110011
010000011011001101
